game_id,name,display_name,position,position_id,order
401480065,Karen Preato,Karen Preato,Referee,40,1
401480065,Katie Lukanich,Katie Lukanich,Referee,40,2
401480065,Krystle Apellaniz,Krystle Apellaniz,Referee,40,3
